majorGroup,percentile50,percentile25,percentile75,popularity,percentGradDegree,gradBoost,percentFemale,femaleMedian,maleMedian,genderGap,percentWhite,percentAfrAm,percentHispanic,percentAsian,percentOther,popularityIndex,medianIndex,cumPopByPop,cumPopByMedian
Engineering,75,53,102,0.082,0.37,0.32,0.16,62,79,17,0.71,0.05,0.09,0.14,0.01,3,0,0.453,0
Computers & Mathematics,70,48,100,0.051,0.32,0.31,0.31,60,73,13,0.67,0.09,0.07,0.16,0.01,8,1,0.786,0.082
Business,60,40,90,0.25,0.21,0.4,0.45,50,66,16,0.76,0.08,0.07,0.08,0.01,0,2,0,0.133
Health,60,45,80,0.069,0.31,0.5,0.85,60,70,10,0.73,0.09,0.05,0.13,0.01,4,3,0.535,0.383
Physical Sciences,59,38,87,0.028,0.48,0.7,0.42,48,65,17,0.74,0.08,0.06,0.11,0.01,11,4,0.918,0.452
Social Science,55,38,87,0.069,0.1,0.57,0.47,46,64,18,0.75,0.09,0.07,0.08,0.01,5,5,0.604,0.48
Agriculture & Natural Resources,50,35,75,0.016,0.27,0.35,0.3,40,55,15,0.9,0.02,0.04,0.03,0,13,6,0.969,0.549
Communications & Journalism,50,34,75,0.059,0.2,0.25,0.64,44,55,11,0.81,0.08,0.06,0.04,0.01,6,7,0.673,0.565
Industrial Arts & Consumer Services,50,33,75,0.016,0.2,0.35,0.35,40,55,15,0.83,0.07,0.06,0.03,0.01,14,8,0.985,0.624
Law & Public Policy,50,36,74,0.023,0.24,0.45,0.41,42,58,16,0.72,0.14,0.1,0.03,0.01,12,9,0.946,0.64
Biology & Life Science,50,35,75,0.035,0.54,1.01,0.55,45,57,12,0.76,0.07,0.06,0.11,0.01,10,10,0.883,0.663
Humanties & Liberal Arts,47,32,70,0.097,0.41,0.48,0.58,43,50,7,0.8,0.06,0.06,0.07,0.01,2,11,0.356,0.698
Arts,44,30,65,0.046,0.23,0.23,0.61,40,48,8,0.71,0.05,0.07,0.07,0.01,9,12,0.837,0.795
Education,42,32,55,0.106,0.44,0.33,0.77,40,48,8,0.82,0.07,0.07,0.03,0.01,1,13,0.25,0.841
Psychology & Social Work,42,30,62,0.054,0.45,0.43,0.74,40,52,12,0.76,0.11,0.08,0.05,0.01,7,14,0.732,0.947
